0:29:170, -1, 60, 50, 55, 50, M 
0:31:350, 50, 50, 50, 50, 60, 50, 55, 50, M, Sad 
0:32:898, -1, -1
0:42:895, 50, 50, 50, 50, 60, 50, 55, 50, M, Neutral 
0:43:000, 65, 56, 45, 50, 60, 50, 55, 50, M, Beauty: 9   
0:46:300, 78, 54, 34, 50, 60, 50, 55, 50, M, Fear 
0:49:385, -1, -1
0:59:935, 84, 56, 36, 50, 60, 50, 55, 50, M, Disgust
1:01:220, -1, -1
1:02:392, 87, 54, 42, 50, 60, 50, 55, 50, M, Angry
1:02:392, 89, 54, 77, 40, 60, 50, 55, 50, M, Angry
1:05:392, 91, 52, 65, 42, 60, 50, 55, 50, M, Disgust
1:08:686, -1, -1
1:14:982, 91, 52, 65, 42, 60, 50, 55, 50, M, Neutral 
1:17:982, 86, 52, 61, 45, 60, 50, 55, 50, M, Neutral
1:19:450, -1, -1
1:22:942, 86, 52, 61, 45, 60, 50, 55, 50, M, Neutral 
1:24:542, 91, 52, 61, 45, 60, 50, 55, 50, M, Confident
1:26:468, -1, -1
1:36:884, 90, 62, 50, 74, 60, 50, 55, 50, M, Neutral 
1:41:884, 94, 65, 53, 74, 60, 50, 55, 50, M, Happy
1:44:333, -1, -1
1:49:033, 89, 61, 49, 67, 60, 50, 55, 50, M, Sad
1:53:033, 91, 59, 44, 65, 60, 50, 55, 50, M, Neutral
1:57:533, -1, -1
1:59:284, 75, 52, 45, 61, 53, 54, 64, 78, F, Neutral 
2:03:284, 75, 52, 45, 61, 49, 52, 44, 72, F, Sad
2:10:284, 75, 52, 45, 61, 59, 52, 34, 66, F, Sad
2:18:633, -1, -1
2:27:276, 75, 52, 45, 61, 59, 52, 34, 66, F, Neutral 
2:31:483, -1, -1
2:35:083, 75, 52, 45, 61, 59, 52, 34, 66, F, Neutral 
2:36:546, -1, -1
2:38:850, 75, 52, 45, 61, 59, 52, 34, 66, F, Neutral 
2:42:000, 75, 52, 45, 61, 53, 52, 32, 66, F, Sad
2:45:000, 75, 52, 45, 61, 64, 52, 64, 66, F, Happy
2:46:151, -1, -1